% Model Selection Results

% Order Selection Results

% Inputs Selection Results
% Parameters history:
subvector_0_0
0 1 1 0 0 1 -2.12541 0.409858 -0.521899 -0.03187 0.326597 -1.1165 -0.915576 2.03481 3.065 0.0214892 1.09806 -1.54208 -0.94488 0.289864 0.0257578 -0.548231 1.63132 -0.071356 -0.838603 0.0522531 -0.428973 -1.24751 -0.992875 -1.18757 -0.356532 -0.708617 0.133032 0.366219 0.298748 -0.0288314 -0.524124
subvector_0_1
1 0 0 0 1 0 -11.3749 -5.90975 3.37479 25.2059 -61.9569 36.1954 2.18968 -1.65852 -3.79458 0.201418 -0.816421 -0.558944 -0.387621 0.473381 -0.0745834 1.98644 -5.23003 -2.28615 1.45707 -1.34123 -0.666309 -4.17628 8.06999 6.35546 -1.41524
subvector_0_2
0 0 1 0 0 0 -11.6732 3.6014 24.7587 36.162 2.92517 -3.68241 0.177341 -0.440074 -0.3352 -0.0730584 2.14507 -2.50712 1.24603 -1.51201 -0.655091 -4.29663 7.49927 6.96653 -1.45082
subvector_0_3
0 0 0 0 1 1 -11.1465 2.7832 -0.488762 25.1361 36.9395 0.207994 2.61787 -3.60375 -0.345347 -0.598338 -1.68084 0.311286 0.0467621 0.694953 -0.10741 2.15787 -2.78061 0.46276 0.552847 -1.5742 -1.26116 -4.07497 8.09734 6.30548 -1.4455
subvector_0_4
1 0 0 0 1 1 -11.4378 3.30775 -0.44239 0.356376 26.8445 35.9885 2.06197 0.678311 1.4659 -1.5784 -1.19413 0.0428173 1.1146 -1.05333 -0.900774 0.0691579 -0.809173 0.04357 -0.0820353 0.162766 0.945481 -0.365379 -0.755941 0.527812 1.92331 -2.78506 -0.211812 -3.7614 4.57133 5.6936 -1.31508
subvector_0_5
1 0 1 1 1 0 -11.8479 3.32894 -1.22235 0.531931 0.52444 27.0915 36.1919 2.90736 1.46503 0.0186758 0.869104 -0.335991 -2.58275 -0.846785 -0.645859 0.671975 -0.382151 -2.31691 -0.664525 -0.579629 -0.948738 0.0181088 0.0569213 0.0477012 -0.0025285 1.61944 0.105921 0.0163843 0.419879 -0.177379 2.98475 -2.67333 0.00382148 -4.09776 3.76482 4.76172 -1.82194
subvector_0_6
1 0 1 1 1 1 -11.2533 3.09192 -0.894214 0.550584 0.0320288 0.0390727 26.8301 36.0202 3.21264 1.49679 -0.387309 0.467553 0.532218 -0.00436282 -2.98844 -1.36937 -1.1738 -0.342067 0.406713 -0.00390081 -2.13929 -0.712273 -1.00009 -0.343252 -1.26233 0.000130418 -0.0429994 0.215832 0.0470645 0.0865285 1.32776 0.00230689 -0.0311879 0.258485 0.0760019 0.666157 2.90037 -2.08693 -0.000222451 -4.00175 3.49036 4.40867 -1.25442
subvector_0_7
0 0 1 1 1 0 -11.3971 0.80674 0.243142 0.215356 27.6284 1.29752 -0.489716 0.309753 -0.0514746 -0.943338 -0.773256 -0.985684 0.0904957 -1.4429 -1.62544 -1.00534 -1.62499 0.264392 0.326148 -0.287483 1.31679 0.793673 0.294848 1.04132 2.89619 -2.18228 0.176995 -4.18628 3.00202 5.02541 -1.05176
subvector_0_8
0 0 1 0 1 0 -10.9532 0.344675 0.682106 27.2963 -0.316377 0.618029 0.139193 -1.25633 -0.906717 -0.0685989 -1.59859 -0.931733 -2.0051 0.000665919 -0.340627 1.27851 -0.314905 0.785066 2.63904 -2.94467 0.651043 -3.55122 2.68526 4.84924 -1.32527
subvector_0_9
1 1 0 0 1 0 -11.3086 0.388259 0.200177 0.207405 27.1513 -0.478099 0.54978 -0.0577622 -2.08157 -1.55026 -4.75135 2.06338 1.91104 -10.9855 -2.19643 -0.567162 -4.45855 1.92567 0.066974 -0.347325 0.588697 0.133179 0.630337 -0.182486 2.419 -2.19022 0.714706 -2.37192 1.40145 4.59455 -0.876688
subvector_0_10
1 0 1 0 0 1 -11.257 0.445775 -0.145476 -0.181478 27.1972 -0.104056 1.10021 0.035035 -7.28556 0.975478 -0.190646 6.79836 1.95516 -9.54821 -6.43854 -5.30052 -6.82915 1.32284 2.33363 0.25009 4.37545 1.04956 -1.96169 -7.00345 1.78968 -2.11852 -0.280617 -0.0143102 -0.498933 3.14011 -0.0034267
subvector_0_11
0 0 0 1 0 1 -10.7797 -0.166246 -0.255767 26.6261 0.681123 0.413742 -7.39928 0.319126 7.35232 2.15491 -6.57175 -5.39367 -6.27143 2.94468 0.31594 3.76205 -2.34337 -6.76825 1.56978 -1.89062 -0.150214 0.730502 -0.23276 2.61747 0.4873
subvector_0_12
0 1 0 0 1 1 -10.4241 -0.351915 0.200375 0.368907 26.8498 1.05932 0.785381 0.13679 -6.95749 1.32499 7.72455 -0.144111 2.33478 -6.4454 -4.8212 -0.344385 -6.35845 2.62008 0.303445 0.564728 2.96321 -2.86514 -6.57688 0.342181 1.8282 -1.36394 0.537431 1.02151 0.146409 3.05236 0.531227
subvector_0_13
1 1 1 0 1 1 -9.98257 -0.0156713 0.452449 -0.00220399 -0.252007 -0.46068 27.2213 1.70402 0.284482 0.526548 0.662805 -0.228074 -7.02749 1.48751 8.00831 0.763575 0.264385 -0.0757773 2.59866 -6.64716 -4.85595 -1.09675 0.281072 -0.666263 -6.10634 0.00283637 -0.970654 1.47512 -1.21803 1.69494 2.7193 -2.85135 -6.46494 -0.111448 -0.196443 0.402886 1.46833 -1.6492 0.11736 1.31732 0.00261761 2.73215 0.811014
subvector_0_14
1 0 0 0 0 0 -9.38984 -0.348567 27.3712 0.12772 -7.19835 -0.0527235 198.325 124.402 -15.5333 14.8507 156.675 830.45 39.8325 -38.668 37.4725 -37.0881 -152.121 0.542865 0.397353
subvector_0_15
1 1 1 0 0 0 -9.46081 -0.569543 -0.437729 -0.248163 27.0233 0.601268 -0.0710791 0.374411 -6.36146 1.26198 -1.40399 -1.68441 197.925 124.575 -0.0973746 0.424942 -11.3174 20.597 -4.93353 10.2544 156.798 829.829 0.408209 -0.236425 40.0748 -39.0367 36.8422 -37.0538 -152.495 0.25284 0.23934
subvector_0_16
1 0 1 0 0 0 -9.03277 0.138121 -0.341516 26.1507 -0.337234 1.11105 -5.70322 5.13919e-06 -3.56571 198.294 -0.957229 0.848025 -101.282 -213.656 62.1138 156.843 0.879776 0.390731 39.8442 -38.5196 37.3835 -36.442 -152.008 -0.500051 0.318164
subvector_0_17
0 0 0 1 1 0 -8.81975 0.280541 0.0497921 26.1449 -0.423376 1.32298 -7.3201 -3.47755 -1.70407 198.712 -1.60955 0.319815 -100.913 -213.769 62.3085 156.67 1.43739 1.22135 40.1611 -38.6503 37.7029 -36.5682 -152.575 0.245628 0.24858
subvector_0_18
1 1 1 1 1 1 -8.99608 0.297253 0.876326 -0.454936 -0.934617 -0.344523 -0.437789 26.6435 -0.733512 0.870499 0.0729047 -0.691075 0.0983063 0.233791 -5.80576 -0.401675 -3.4676 -0.243027 -0.21797 0.0317735 -0.0627059 198.101 -1.25473 0.775582 0.0778446 -0.664967 -0.0923368 0.0947451 -100.532 -214.488 62.2294 -0.191398 0.430605 -0.0757844 -0.965259 157.299 2.05004 2.03004 -0.376476 0.571558 0.175961 0.376073 40.7772 -37.9448 38.0593 -37.0127 -152.687 0.229186 0.168759
subvector_0_19
1 0 1 0 1 0 -8.75309 -1.12826 -0.59518 -0.752649 26.8584 -1.25126 0.0856485 0.495058 -3.7701 -0.0049314 -1.46879 -0.0019382 198.373 -0.630383 -0.843396 0.0437798 -101.107 0.142648 0.23492 -0.95482 157.75 0.262364 0.551266 1.13097 40.3847 -37.9852 37.2026 -36.9065 -151.93 0.222156 0.407195
subvector_0_20
1 1 0 1 1 1 -9.41053 -1.45458 -0.542225 -1.36509 0.0944094 -0.450576 26.9557 -1.84024 0.0481238 0.817336 -0.474552 0.19828 -1.95653 -0.0647706 -0.157727 -0.033344 0.0620091 -0.0574086 197.866 -1.54068 -0.270461 0.360953 -0.271963 0.121217 -100.809 -0.438672 -0.0239795 -1.27982 0.786056 0.237458 157.71 0.468172 0.564996 0.891798 0.207988 -0.339656 40.7861 -37.612 38.0062 -36.5331 -151.243 0.280333 0.699477
subvector_0_21
0 0 1 0 0 1 -7.75903 3.07233 -2.03499 27.8761 -0.408531 -0.178789 2.01969 -0.128865 4.75688e-06 198.032 -0.513917 0.595802 -100.455 1.01883 -0.457721 157.83 0.177605 0.00883842 54.8924 -52.9368 53.5078 -56.4911 -136.147 -14.1478 15.6368
subvector_0_22
0 0 1 1 0 0 -7.56051 3.35885 -1.67842 28.3269 -0.731686 0.555298 2.37637 -0.252739 1.58947e-05 197.45 -0.311736 0.646937 -100.036 1.2198 -0.79658 157.638 0.36629 0.233181 54.4757 -53.8641 52.7378 -56.0776 -135.801 -14.8355 15.385
subvector_0_23
1 0 0 1 0 1 -3.29242 1.20109 -1.08937 1.16318 28.1488 -0.355078 0.202852 0.443103 2.26306 -0.440541 0.0284416 -0.12682 197.096 -0.903942 0.447 -0.33518 -100.41 0.804155 -0.569421 -0.140407 157.818 1.24037 -0.15622 0.344215 54.6202 -53.303 53.0688 -55.8157 -136.55 -15.4201 15.2854
subvector_0_24
1 0 1 1 0 0 -2.21293 -1.11064 -0.658647 -0.643389 27.8484 -0.173174 -0.534803 0.677131 2.63028 1.54654 0.914817 0.896555 196.882 -0.676059 0.468791 -1.10388 -100.976 1.36639 -1.10635 -0.301621 158.297 1.60981 0.0792427 0.763566 55.0076 -53.3482 53.2481 -55.233 -136.91 -15.5041 16.0834
subvector_0_25
0 1 0 1 0 0 -2.43767 -0.541016 -0.425407 27.3748 0.0391438 1.00022 2.79787 0.515851 0.678863 197.231 0.625864 -1.18231 -101.047 -1.70865 -0.148121 158.167 -0.0721608 0.124959 54.9099 -53.8529 53.1566 -55.4104 -136.761 -15.1069 16.2258
subvector_0_26
1 1 0 1 0 0 -4.38234 -0.0311328 -2.87592 0.745161 26.969 0.164703 1.27923 0.316919 4.92 0.00660911 2.92926 -1.20095 197.107 0.727216 -0.747068 0.0317412 -101.573 -1.69437 -0.203669 -0.589111 157.981 0.0273594 -0.239227 0.11255 54.5383 -53.8637 52.8838 -54.8143 -136.505 -14.4851 16.5467
subvector_0_27
1 0 1 0 1 1 -4.5658 3.69017e-05 -2.93564 0.277486 0.580043 26.8945 0.404411 1.053 0.105306 0.421632 5.51997 -4.03606e-05 2.89334 -1.15118 -0.668308 197.388 0.604123 -0.570794 -0.326683 -0.0327026 -102.205 -2.07296 -0.207983 -0.107521 0.0880797 158.336 0.559419 0.0862646 0.655238 -0.0386941 54.1474 -54.4547 52.3776 -55.4572 -136.361 -15.0436 16.527
subvector_0_28
0 1 0 1 0 1 -3.82172 -1.27977 -1.36931e-05 -0.196169 25.7813 0.742787 -0.438541 0.097508 6.54238 -1.45718 0.0609859 0.167524 197.433 -0.40663 -0.700819 0.130033 -100.902 0.0492828 -0.516334 -0.0108127 157.245 1.65119 0.978762 -0.521913 54.5875 -55.0213 52.8994 -55.5409 -136.901 -14.8781 16.0556
subvector_0_29
0 0 0 0 1 0 -4.0415 -0.860775 26.1784 -0.37512 6.09939 0.227516 197.382 0.543433 -100.888 0.780364 157.557 -0.452919 53.6461 -54.6355 52.7188 -55.0368 -137.043 -15.409 16.1914
subvector_0_30
0 1 0 0 0 1 -3.85413 -1.31793 -0.195364 25.9366 -0.311837 0.582482 5.99198 0.258379 0.285812 197.606 0.651454 -0.488737 -100.085 0.95045 -0.373689 156.966 0.164577 0.254097 53.4717 -54.7797 53.1327 -54.947 -137.08 -15.3714 16.2749
subvector_0_31
1 1 1 1 0 0 -2.45793 0.000161426 -0.310253 0.00559306 0.0094392 25.8128 -1.02539 -0.16058 -0.865219 0.268435 4.95745 -0.000253544 1.03812 -0.747452 -0.876752 197.22 -1.22171 0.0152585 0.449576 0.0307577 -100.425 0.333909 -0.144001 -0.231893 -0.418769 156.869 0.41751 -0.368871 0.386389 -0.95531 53.1912 -54.6211 53.7695 -54.1623 -136.539 -14.0357 16.5085
subvector_0_32
0 0 1 1 0 1 -1.99559 -0.160764 -0.120117 -0.000255845 25.5611 -0.278849 -0.606972 0.614722 7.36222 2.41491 1.55573 1.18531 197.154 -0.704002 -0.160832 -0.0985997 -99.5347 -0.785344 -0.272845 -0.71129 157.459 -0.578398 0.871615 -0.770354 52.9993 -54.2673 53.134 -53.308 -135.853 -13.3692 17.522
subvector_0_33
0 1 1 0 1 0 -1.95233 0.0767804 -0.237921 -0.16353 25.0859 -0.463711 -0.588539 0.422089 7.82734 2.18541 1.63704 1.99825 196.653 -0.325073 0.498066 -0.00210542 -99.755 -0.586264 -0.344806 -1.14882 156.84 -1.06631 0.574101 -1.09235 53.0977 -54.141 53.5845 -53.3358 -135.78 -13.1885 17.232
subvector_0_34
0 0 0 0 0 1 -2.67636 -0.195606 25.4948 0.0447741 7.29256 1.07032 195.729 0.282978 -100.359 -1.44399 157.009 -0.964006 53.0907 -53.3898 52.9246 -53.7391 -135.101 -13.1758 17.2453
subvector_0_35
0 1 0 0 0 0 -2.87218 -0.483053 25.4736 -0.344814 6.49978 1.09437 195.288 0.208225 -100.739 -1.40275 157.067 -1.73759 53.3522 -53.7481 53.4663 -54.2402 -135.331 -12.995 17.1402
subvector_0_36
0 0 0 1 0 0 -3.61377 -0.702165 25.7518 -0.527888 6.59116 0.685763 195.376 0.0262767 -100.737 -1.33231 157.053 -1.94991 53.0543 -52.9715 53.6071 -54.5326 -135.51 -13.9044 17.0339
subvector_0_37
1 0 0 1 1 0 -0.924252 -0.030291 -0.0100182 -0.00175301 25.268 -0.493033 0.373678 0.401331 6.48863 1.49721 1.62947 1.40038 195.04 -0.150166 -0.277933 -0.222017 -100.372 -0.103617 0.0532371 -0.24459 156.748 -1.46625 -0.0186548 0.468299 54.883 -54.3718 56.2259 -52.6769 -133.179 -16.5449 18.8063
subvector_0_38
0 1 1 1 0 0 -3.26748 0.393032 -1.01821 -0.00860403 25.2962 0.032919 0.269929 -0.715209 6.27317 -1.9503 -1.62278 0.000445228 194.916 -0.341413 0.873168 0.468993 -100.354 -0.178407 -0.481276 -0.315436 155.39 -1.30765 -0.638183 0.220375 53.3478 -55.1037 53.0013 -55.0396 -135.234 -13.8732 15.4981
subvector_0_39
0 1 0 1 1 1 -9.53451 -2.75404 -0.000261911 0.000726968 -4.28747 24.6602 -0.0893616 0.100142 -0.327674 0.301636 7.23326 -1.41 -0.53373 1.31677 -0.65216 194.536 -1.04024 1.60756 0.450306 -0.0791091 -100.94 0.0424071 -0.26343 -0.986257 0.511692 155.4 -1.83312 -0.223132 0.972442 -0.00200248 53.6674 -54.1033 53.654 -54.67 -135.742 -14.2565 15.4633
subvector_0_40
1 0 0 1 0 0 -6.85827 -5.21846 0.588424 24.8638 -0.0979463 -0.782311 11.4819 -1.73082 -2.13912 193.324 -0.105556 -1.50157 -100.747 -0.364871 -0.394712 154.472 0.00526553 0.153615 53.5107 -54.6669 53.5754 -55.3063 -136.194 -14.5581 15.6067
subvector_0_41
1 1 0 1 1 0 -10.2329 -2.50544 -2.25025 -1.19279 -2.56809 21.9373 0.43912 -0.705422 -1.02228 -0.667108 12.305 -0.539818 -0.100866 -0.534672 0.431689 191.495 -0.102416 -0.300377 0.566562 -0.190031 -98.4153 0.839507 0.591053 -0.166481 -0.37866 154.543 -0.186589 0.00273662 -0.005684 0.448766 53.6305 -54.5751 53.9616 -55.4858 -136.221 -12.9336 17.0223
subvector_0_42
1 1 1 0 1 0 -10.1733 -0.536254 -3.16908 -0.245152 -4.03858 22.2482 0.926142 -0.327534 -0.868882 -1.4821 11.7255 -0.226276 -0.234065 -0.209933 0.566835 191.892 -0.0876461 -1.06759 0.0466153 0.0606369 -98.4426 0.364455 0.393823 -0.0221438 -0.510037 154.502 0.393485 0.3105 0.581218 0.504432 54.0469 -54.553 54.3932 -55.7613 -136.23 -12.7115 16.8689
subvector_0_43
0 0 1 0 1 1 -10.4863 -3.74565 -7.50745e-08 -4.11617 22.3117 0.0819267 -1.05857 -1.5981 12.0646 -0.0908674 -0.416302 0.158011 191.777 -0.884158 -0.0367451 0.0223222 -98.3985 0.30252 -0.546684 -0.455936 154.771 0.39918 1.01024 1.08747 54.1107 -55.2009 53.9821 -56.4736 -136.253 -12.8958 17.1139
subvector_0_44
0 1 1 1 1 0 -10.01 -4.12132 -1.8982 1.14125 0.099799 22.6054 -1.9356 0.0990444 -0.360142 -0.201509 12.161 -0.511258 0.442309 -0.525083 -0.524834 191.242 1.07294 0.313614 -0.0870834 0.0292281 -98.3949 -0.469171 0.81419 0.0973872 0.159081 154.81 1.91979 -0.536244 -0.653884 0.0485584 54.3265 -55.8496 53.9145 -57.4874 -136.031 -12.5328 17.3136
subvector_0_45
0 1 1 1 0 1 -10.4631 -3.86143 -4.08606 -6.15561e-06 -1.2861e-05 21.9976 -2.37743 0.353026 0.311712 0.636372 12.4342 -0.551497 1.2262 -0.537589 -0.608992 190.873 1.24783 -0.298323 -0.907472 -0.246561 -97.5792 -0.170104 1.23534 0.397886 -0.360225 154.844 2.08019 -0.778642 -0.631857 0.25424 54.4389 -56.394 53.583 -57.3317 -136.082 -12.7147 17.0149
subvector_0_46
1 0 1 1 0 1 -11.5064 0.20915 -1.01765 -1.20971 -0.182581 22.1886 -0.310928 0.406537 -0.330183 0.536064 10.6241 -1.40309 -1.79487 -3.32319 -1.66395 190.659 1.18832 -0.254323 1.59148 -0.323649 -99.3311 -1.30356 -0.375588 0.492684 -0.255244 156.052 0.904398 -1.4649 -0.516761 -0.00447691 54.0791 -55.5913 52.3228 -56.8815 -135.207 -12.6508 17.8615
subvector_0_47
0 1 1 0 0 0 -12.7927 -0.730327 -0.288032 21.7158 0.0517872 -0.61176 8.15235 0.298992 -4.76839 191.003 -0.151867 -0.436797 -98.9075 0.856267 -0.718915 155.297 -0.0728918 -0.0919895 53.9411 -57.1202 51.5504 -57.4824 -136.078 -12.9182 18.4471
subvector_0_48
1 1 1 0 0 1 -13.3731 0.477985 -0.353668 0.219393 -0.0904408 23.1485 -0.659884 -0.00929166 -0.164934 -1.05059 7.74927 -1.89997 -0.233425 -2.48263 -0.974085 188.852 0.291467 0.111234 0.506664 -0.490044 -101.199 -1.03975 -0.812379 0.3438 1.25316 153.891 1.51709 -0.686088 0.91255 1.22726 56.647 -57.2305 50.8868 -57.145 -140.515 -14.3436 18.9689
subvector_0_49
1 1 0 0 1 1 -14.3389 0.508886 -1.27043 0.835687 0.495592 20.7319 0.857234 -0.28141 0.490363 -0.556582 9.22495 -1.94641 -3.91418 -0.621377 0.537907 188.705 -0.54589 -1.09212 -0.479039 0.428501 -101.81 -1.32615 0.124487 0.0895655 0.201134 153.634 -1.5038 -0.315427 0.696514 -0.279814 57.0238 -56.1585 48.6999 -56.3517 -139.08 -12.4303 21.5362
subvector_0_50
0 0 0 1 1 1 -15.2002 -0.136828 1.02251 0.065122 20.7108 0.147656 0.627552 0.262049 8.15006 0.367863 -3.94404 1.25751 188.894 1.35103 0.31169 0.574617 -101.5 0.325901 0.46657 0.644896 153.888 -0.252371 -0.217612 0.598371 58.303 -57.0883 48.4791 -56.9498 -140.303 -12.1684 21.5651
subvector_0_51
0 1 0 0 1 0 -12.7252 0.366597 0.0765563 21.9274 0.244324 0.356974 6.8909 -2.22105 -2.05552 183.26 0.175756 -0.065162 -98.064 -0.0219772 -0.369962 154.271 -0.240572 0.700357 61.8764 -54.7971 50.402 -54.7357 -144.341 -9.04887 23.3682
subvector_0_52
1 1 1 1 1 0 -12.8087 1.13382 -0.127225 0.470775 0.574741 -4.77085e-05 21.2336 2.03112 0.419174 0.05715 -0.148092 0.0196754 6.96543 3.62664e-07 -2.50328 -1.12949 1.27628e-05 -0.854511 182.642 0.146449 -0.238791 -0.364739 -0.343523 -0.593746 -97.3728 0.0845773 -0.391575 0.802724 -0.923076 -0.140007 154.363 0.132327 0.159485 -0.533088 0.0165243 -0.275801 62.9561 -53.7944 48.9334 -54.6276 -144.323 -10.498 23.0054
subvector_0_53
1 1 1 1 0 1 -13.2375 1.59279 -0.189365 0.106206 0.303031 -0.615173 20.819 1.87283 1.03779 0.200518 0.442451 0.2702 6.93454 2.66058e-05 -3.1407 -1.31403 -1.45743e-05 1.87935e-05 182.274 0.400772 0.167404 -0.447174 0.17124 0.024429 -96.6979 -0.626896 -0.120651 0.217864 -1.66811 0.0594473 154.597 -0.36473 0.129445 -0.421498 -0.489635 -0.292146 63.3294 -53.433 48.9186 -54.8073 -144.321 -10.4544 23.2289
subvector_0_54
0 1 1 0 1 1 -12.372 0.746065 -0.810507 0.30782 -0.432352 20.8112 -0.0392341 1.59286 0.245928 0.310492 8.09922 -4.3488 -2.03587 0.749487 -1.10407e-07 184.589 -1.37518 0.393882 0.671674 0.823281 -97.1873 -0.108731 -0.435617 -0.960842 0.121661 154.809 -1.01627 -0.380115 -0.503512 0.476493 63.9738 -51.8942 49.2622 -53.1163 -144.528 -8.68049 24.0701
subvector_0_55
1 0 0 0 0 1 -13.1868 0.541227 0.0429596 21.3293 -0.0322562 -1.12977 15.793 -5.58572 -7.77047 186.016 0.288546 0.596673 -95.8728 -0.458864 -1.12018 153.064 0.120483 -0.0451558 63.733 -50.1328 50.9235 -52.1469 -146.665 -9.30782 25.1316
subvector_0_56
0 1 1 1 1 1 -17.4712 -2.12928 -3.8443 -2.9483 -4.3964 -1.4599 19.7613 -0.104433 0.0861358 -0.355887 -0.308614 0.113797 15.2508 1.12668 -0.331596 -0.200964 0.0679315 -0.1296 188.361 -0.158475 0.649768 0.65768 -0.29271 -0.57919 -97.2966 -0.698946 0.076569 -0.104174 -0.542914 -0.750169 152.046 0.64424 0.242604 0.440692 0.37137 -0.387079 65.0634 -50.6122 51.4213 -54.0313 -148.029 -9.86081 25.5645
subvector_0_57
0 1 0 1 1 0 -15.8701 -6.89645 -3.94565 -2.42662 19.7237 -0.596324 -0.722595 -0.095789 15.5308 -0.392054 -1.13233 -0.187558 189.491 -0.953951 -0.0582916 -0.465114 -97.2545 -0.359501 -1.13562 0.0599302 151.033 -0.188807 -0.274464 -0.45343 65.1948 -50.7698 51.4091 -53.7174 -147.997 -10.026 24.87
subvector_0_58
1 1 0 1 0 1 -16.7638 -1.10306e-05 -3.02748 -6.06089 -5.08346 22.1086 0.258732 1.27114 -0.017904 0.786478 16.6811 -0.710678 -1.47996 0.68628 0.0985448 187 -0.399677 -0.625405 0.560543 -0.551526 -95.0663 1.64886 -0.67689 -0.131448 -0.388888 150.381 -1.12906 0.352007 -1.07397 0.650088 66.3085 -49.8349 51.905 -54.03 -147.732 -10.1053 24.1636
subvector_0_59
0 0 1 1 1 1 -17.3466 3.41906e-05 -3.53522 -6.30337 -4.91982 22.1565 0.114395 1.38498 0.312523 1.27268 16.2677 -0.462575 -0.613682 1.21288 -0.272762 187.452 0.542913 -0.50598 0.739499 -0.829456 -95.2451 2.2315 -1.25022 -1.05881 -0.524711 150.604 -0.892049 -0.172843 -1.22916 0.380529 66.4087 -49.4575 51.7 -53.7353 -147.57 -10.0178 24.2765
subvector_0_60
1 1 0 0 0 0 -18.2416 0.560461 -0.332832 22.4546 0.495458 0.155302 15.9757 -0.706076 -0.0166003 186.059 0.145829 -0.045644 -94.6563 0.0584869 -1.01024 150.12 0.482425 -0.876192 66.3239 -50.115 52.3872 -53.9056 -147.237 -9.60524 23.1277
subvector_0_61
1 0 0 1 1 1 -18.4529 -0.15228 -0.145732 -0.310192 0.780642 18.7295 1.81193 0.486276 0.835626 -0.689126 17.1665 -0.431505 0.0106327 1.41123 0.418798 185.929 0.362124 -1.36713 -0.289148 -0.409214 -94.0696 0.0932475 2.02658 0.767753 -0.774632 151.72 0.521014 0.429826 -0.907253 0.767954 66.5826 -54.3349 51.5198 -54.1352 -146.446 -6.35144 22.2096
subvector_0_62
1 1 0 0 0 1 -17.2248 -1.30431 -0.923454 0.239119 19.0185 1.10586 1.1099 -0.0895905 16.5326 0.122062 1.19291 1.28446 185.667 -1.29093 0.39148 -0.0921142 -93.5804 2.34244 0.415216 0.127207 151.944 1.62057 -0.108234 0.880458 65.2112 -53.9135 51.9891 -53.5776 -146.546 -6.91658 22.5094

% Performance history:
subvector_0_0
0 1 1 0 0 1 1.1015e-08
subvector_0_1
1 0 0 0 1 0 0.122277
subvector_0_2
0 0 1 0 0 0 0.45993
subvector_0_3
0 0 0 0 1 1 0.434921
subvector_0_4
1 0 0 0 1 1 0.00153854
subvector_0_5
1 0 1 1 1 0 2.66014e-05
subvector_0_6
1 0 1 1 1 1 1.2564e-06
subvector_0_7
0 0 1 1 1 0 2.39737e-08
subvector_0_8
0 0 1 0 1 0 0.340476
subvector_0_9
1 1 0 0 1 0 0.173138
subvector_0_10
1 0 1 0 0 1 8.1989e-06
subvector_0_11
0 0 0 1 0 1 0.835482
subvector_0_12
0 1 0 0 1 1 0.495238
subvector_0_13
1 1 1 0 1 1 8.93828e-06
subvector_0_14
1 0 0 0 0 0 0.318821
subvector_0_15
1 1 1 0 0 0 0.00924382
subvector_0_16
1 0 1 0 0 0 1.04334e-07
subvector_0_17
0 0 0 1 1 0 0.699709
subvector_0_18
1 1 1 1 1 1 0.0464126
subvector_0_19
1 0 1 0 1 0 0.45991
subvector_0_20
1 1 0 1 1 1 0.164393
subvector_0_21
0 0 1 0 0 1 0.29932
subvector_0_22
0 0 1 1 0 0 0.196429
subvector_0_23
1 0 0 1 0 1 0.281617
subvector_0_24
1 0 1 1 0 0 0.0229259
subvector_0_25
0 1 0 1 0 0 0.481853
subvector_0_26
1 1 0 1 0 0 0.164816
subvector_0_27
1 0 1 0 1 1 0.459945
subvector_0_28
0 1 0 1 0 1 0.340477
subvector_0_29
0 0 0 0 1 0 0.966234
subvector_0_30
0 1 0 0 0 1 0.340477
subvector_0_31
1 1 1 1 0 0 6.07445e-08
subvector_0_32
0 0 1 1 0 1 0.196429
subvector_0_33
0 1 1 0 1 0 0.340476
subvector_0_34
0 0 0 0 0 1 0.837586
subvector_0_35
0 1 0 0 0 0 0.567273
subvector_0_36
0 0 0 1 0 0 0.923311
subvector_0_37
1 0 0 1 1 0 0.337835
subvector_0_38
0 1 1 1 0 0 0.340366
subvector_0_39
0 1 0 1 1 1 0.459573
subvector_0_40
1 0 0 1 0 0 0.947401
subvector_0_41
1 1 0 1 1 0 0.919405
subvector_0_42
1 1 1 0 1 0 0.80799
subvector_0_43
0 0 1 0 1 1 0.725275
subvector_0_44
0 1 1 1 1 0 0.765696
subvector_0_45
0 1 1 1 0 1 0.45993
subvector_0_46
1 0 1 1 0 1 0.751388
subvector_0_47
0 1 1 0 0 0 0.91946
subvector_0_48
1 1 1 0 0 1 0.771727
subvector_0_49
1 1 0 0 1 1 0.817591
subvector_0_50
0 0 0 1 1 1 0.884636
subvector_0_51
0 1 0 0 1 0 0.669216
subvector_0_52
1 1 1 1 1 0 0.567272
subvector_0_53
1 1 1 1 0 1 0.56727
subvector_0_54
0 1 1 0 1 1 0.567272
subvector_0_55
1 0 0 0 0 1 0.897123
subvector_0_56
0 1 1 1 1 1 0.923075
subvector_0_57
0 1 0 1 1 0 0.761905
subvector_0_58
1 1 0 1 0 1 0.761906
subvector_0_59
0 0 1 1 1 1 0.761905
subvector_0_60
1 1 0 0 0 0 1
subvector_0_61
1 0 0 1 1 1 1
subvector_0_62
1 1 0 0 0 1 1

% Generalization performance history:
subvector_0_0
0 1 1 0 0 1 1.00821e-08
subvector_0_1
1 0 0 0 1 0 0.669577
subvector_0_2
0 0 1 0 0 0 0.41166
subvector_0_3
0 0 0 0 1 1 0.329737
subvector_0_4
1 0 0 0 1 1 0.0726777
subvector_0_5
1 0 1 1 1 0 3.99605e-05
subvector_0_6
1 0 1 1 1 1 1.24684e-06
subvector_0_7
0 0 1 1 1 0 4.17371e-08
subvector_0_8
0 0 1 0 1 0 0.32176
subvector_0_9
1 1 0 0 1 0 0.516034
subvector_0_10
1 0 1 0 0 1 1.21066e-05
subvector_0_11
0 0 0 1 0 1 1.20153
subvector_0_12
0 1 0 0 1 1 0.481484
subvector_0_13
1 1 1 0 1 1 1.46929e-05
subvector_0_14
1 0 0 0 0 0 0.286428
subvector_0_15
1 1 1 0 0 0 0.00517333
subvector_0_16
1 0 1 0 0 0 0.246758
subvector_0_17
0 0 0 1 1 0 0.583575
subvector_0_18
1 1 1 1 1 1 0.0588619
subvector_0_19
1 0 1 0 1 0 0.411638
subvector_0_20
1 1 0 1 1 1 0.146966
subvector_0_21
0 0 1 0 0 1 0.433532
subvector_0_22
0 0 1 1 0 0 0.442733
subvector_0_23
1 0 0 1 0 1 0.4778
subvector_0_24
1 0 1 1 0 0 0.200205
subvector_0_25
0 1 0 1 0 0 0.494644
subvector_0_26
1 1 0 1 0 0 0.134006
subvector_0_27
1 0 1 0 1 1 0.411673
subvector_0_28
0 1 0 1 0 1 0.41955
subvector_0_29
0 0 0 0 1 0 1.02112
subvector_0_30
0 1 0 0 0 1 0.419551
subvector_0_31
1 1 1 1 0 0 9.14746e-08
subvector_0_32
0 0 1 1 0 1 0.442708
subvector_0_33
0 1 1 0 1 0 0.321758
subvector_0_34
0 0 0 0 0 1 1.18815
subvector_0_35
0 1 0 0 0 0 0.597686
subvector_0_36
0 0 0 1 0 0 1.13336
subvector_0_37
1 0 0 1 1 0 0.499052
subvector_0_38
0 1 1 1 0 0 0.321677
subvector_0_39
0 1 0 1 1 1 0.589991
subvector_0_40
1 0 0 1 0 0 1.58087
subvector_0_41
1 1 0 1 1 0 1.34212
subvector_0_42
1 1 1 0 1 0 0.86198
subvector_0_43
0 0 1 0 1 1 0.801775
subvector_0_44
0 1 1 1 1 0 0.824614
subvector_0_45
0 1 1 1 0 1 0.411647
subvector_0_46
1 0 1 1 0 1 0.852834
subvector_0_47
0 1 1 0 0 0 0.878495
subvector_0_48
1 1 1 0 0 1 0.902407
subvector_0_49
1 1 0 0 1 1 0.8216
subvector_0_50
0 0 0 1 1 1 0.702299
subvector_0_51
0 1 0 0 1 0 0.630677
subvector_0_52
1 1 1 1 1 0 0.597687
subvector_0_53
1 1 1 1 0 1 0.597679
subvector_0_54
0 1 1 0 1 1 0.597685
subvector_0_55
1 0 0 0 0 1 1.00739
subvector_0_56
0 1 1 1 1 1 0.934911
subvector_0_57
0 1 0 1 1 0 0.755144
subvector_0_58
1 1 0 1 0 1 0.755146
subvector_0_59
0 0 1 1 1 1 0.755142
subvector_0_60
1 1 0 0 0 0 1.02778
subvector_0_61
1 0 0 1 1 1 1.02778
subvector_0_62
1 1 0 0 0 1 1.02778

% Generation minimum generalization history:
1.24684e-06 1.24684e-06 1.24684e-06 1.24684e-06 1.24684e-06 1.24684e-06 1.24684e-06 1.24684e-06 1.24684e-06 1.24684e-06 1.24684e-06
% Generation mean history:
0.385117 0.398655 0.314598 0.346809 0.31487 0.309328 0.324417 0.280849 0.358668 0.335351 0.228862
% Generation standard deviation history:
0.341192 0.383845 0.315856 0.333414 0.369337 0.358003 0.363757 0.305809 0.355837 0.386995 0.258868
% Minimal parameters:
-11.2533 3.09192 -0.894214 0.550584 0.0320288 0.0390727 26.8301 36.0202 3.21264 1.49679 -0.387309 0.467553 0.532218 -0.00436282 -2.98844 -1.36937 -1.1738 -0.342067 0.406713 -0.00390081 -2.13929 -0.712273 -1.00009 -0.343252 -1.26233 0.000130418 -0.0429994 0.215832 0.0470645 0.0865285 1.32776 0.00230689 -0.0311879 0.258485 0.0760019 0.666157 2.90037 -2.08693 -0.000222451 -4.00175 3.49036 4.40867 -1.25442
% Stopping condition
MaximumGeneralizationFailures
% Optimum generalization performance:
1.24684e-06
% Final performance:
1.2564e-06
% Optimal input:
1 0 1 1 1 1
% Number of iterations:
11
% Elapsed time:
13
