% Model Selection Results

% Order Selection Results
% Parameters history:
10.277 8.82108 -20.1286 24.0965 20.3349 5.89189 15.4236 -7.44679 7.9629 6.75008 -8.94427 3.92583 0.297756 -3.20717 6.04108 -9.80896 -1.44131 -2.27952 -0.61568 -0.0317831 -54.6765 -10.4914 -32.0007 64.3936 78.0774 12.5144 2.22871 6.46258 -0.0769996 -6.01544 -10.401 -0.842574 -0.231327 -17.5308 -20.1015 -5.69176 -9.64737 -12.1418 -17.9721 -23.4099 9.872 -0.508471 1.49067 -16.2698 -14.9835 4.50939 -3.13104 -0.538716 -0.140689 -0.757374 0.000173031 -4.90742 -3.16932 -0.000420074 0.000146824 1.06687 5.57646 1.03887 1.44893 -0.934901 -0.502157 -0.553308 6.11476 0.000522645 -0.00168812 2.64499 -0.969665 -0.19798 -1.65187 1.62344 0.501922 -2.17299 -1.16745 -0.000128173 0.00140732 -54.791 -10.6868 -31.9436 64.7 77.6516 12.5029 2.23281 6.10819 -0.23315 -5.79298 -10.9176 -0.179852 1.42626 -17.2244 -20.3038 -6.42833 -10.0729 -11.8325 -18.0634 -23.5834 10.3311 -0.676898 1.3564 -16.2724 -14.6533 4.76974 -0.000195322 -4.26976 0.500741 -0.000762453 -0.000144514 0.720262 -0.501002 -0.720425 -0.500856 0.000799208 -0.000784025 2.76725 0.501587 -2.26717 -0.000366608 0.000369861 0.00140504 12.7533 1.81684 5.88903 -0.112285 -5.75725 -11.2343 -0.187227 1.58738 -17.0687 -20.2866 -6.43591 -10.1445 -11.8384 -17.9084 -23.6355 11.1582 4.33244 6.26879 -15.7767 -13.6529 4.68007 -4.17993 0.500424 -0.000245442 -0.00013261 0.627537 -0.630338 -0.499683 -0.00655977 0.50942 2.55781 -2.05438 0.000224513 0.00672902 -0.510173 -33.9239 -7.32458 0.749756 -20.0538 -22.8468 14.2364 5.12123 8.42405 -17.1185 -19.5321 0.500644 0.500627 1.72602e-05 -0.00361628 -0.504995 0.507311 0.502996 0.00440381 -0.507357 -34.2126 -7.29287 1.17445 -19.8204 -22.6596 14.2724 4.64316 8.62586 -16.8451 -19.9397 0.0326358 0.0959386 0.287006 -0.30551 -0.457715 0.501 0.482107 -0.00601955 0.0453126 -0.00173067 -0.494736 0.512938 -0.0303986 0.504403 0.00984753 -0.507421 -0.0167706
% Performance history:
1.09966e-05 7.57871e-06 0.00696503 0.00441892 0.00448939
% Generalization performance history:
0.100209 0.100074 0.09918 0.173481 0.199919
% Minimal parameters:
12.7533 1.81684 5.88903 -0.112285 -5.75725 -11.2343 -0.187227 1.58738 -17.0687 -20.2866 -6.43591 -10.1445 -11.8384 -17.9084 -23.6355 11.1582 4.33244 6.26879 -15.7767 -13.6529 4.68007 -4.17993 0.500424 -0.000245442 -0.00013261 0.627537 -0.630338 -0.499683 -0.00655977 0.50942 2.55781 -2.05438 0.000224513 0.00672902 -0.510173
% Stopping condition
AlgorithmFinished
% Optimum generalization performance:
0.09918
% Final performance:
0.00696503
% Optimal order:
4
% Number of iterations:
3
% Elapsed time:
10

% Inputs Selection Results
